-0.370303620047  0.111175433466  0.162187262142  0.182584879277  -0.243048493609  0.103780822627  0.23924623213  -0.160283011042  0.00905705384504  -0.270676976316  -0.306818666499  0.335826256378  -0.255368221776  -0.237514929617  0.0494607995824  0.00132548764916  -0.0478229131508  -0.152065187577  -0.0930740288486  -0.31452990847  
0.111175433466  0.218521967912  0.254237721061  0.00251754346962  0.129768018303  0.23592230138  0.0349473624494  0.0748896685874  0.18633690586  0.263924994776  0.194247173384  0.590758301755  0.203017396623  0.240439401933  0.17276277721  0.170188853907  0.202071503989  0.126250212887  0.135978303144  0.201654597566  
0.162187262142  0.254237721061  -0.0999662675228  0.140826046082  -0.025767214879  0.153059454212  0.31574837834  0.0510535036968  0.129812541785  0.0810644478396  0.181278001068  0.244927332971  0.0612458520741  0.0866746507167  0.142954024338  0.0301467967917  0.0398955358001  0.0267299023349  -0.00765062483025  0.13538055937  
0.182584879277  0.00251754346962  0.140826046082  0.258883749643  0.161635596873  0.242577965254  0.415394258807  0.13350646235  0.0923821141979  0.212042858471  0.259069556478  0.136021477087  0.21374201018  0.240264913989  0.208456811224  0.162304625618  0.157719158289  0.14689060911  0.0862120652988  0.198474286848  
-0.243048493609  0.129768018303  -0.025767214879  0.161635596873  -1.56228717559  0.0631653062084  0.30737799661  -0.310859800942  -0.298367647548  -0.398165178334  -0.351706230903  0.328254665561  -0.449880306063  -0.433927883679  -0.139685161594  -0.211225515465  -0.180214023237  -0.447026401722  -0.277416361461  -0.392942635136  
0.103780822627  0.23592230138  0.153059454212  0.242577965254  0.0631653062084  0.00743264690327  0.316062678384  0.129565985156  0.164129462987  0.145058979085  0.119203370117  0.374984224366  0.102883612508  0.141986550342  0.163601613642  0.107757919189  0.122377945779  0.0640914948513  0.108299635424  0.157081264938  
0.23924623213  0.0349473624494  0.31574837834  0.415394258807  0.30737799661  0.316062678384  0.316490417438  0.291726163735  0.219591399598  0.281363029569  0.289249372801  0.10768499143  0.309525100631  0.364346198208  0.336078341401  0.297345083049  0.296310679402  0.298202489513  0.241345472198  0.271069189662  
-0.160283011042  0.0748896685874  0.0510535036968  0.13350646235  -0.310859800942  0.129565985156  0.291726163735  -0.220157768632  -0.0630268243042  -0.146107627939  -0.109031229487  0.268756991106  -0.176283527239  -0.172932369933  -0.0547265433578  -0.0632228244472  -0.0910042171912  -0.20370114682  -0.136107035725  -0.204181617679  
0.00905705384504  0.18633690586  0.129812541785  0.0923821141979  -0.298367647548  0.164129462987  0.219591399598  -0.0630268243042  -0.489562942532  0.0252969650926  0.0284186473793  0.467927275681  -0.114522916105  -0.0769836888784  0.034412865707  0.00775328741955  0.0213227842777  -0.190145557603  -0.0847838910162  0.00570971151154  
-0.270676976316  0.263924994776  0.0810644478396  0.212042858471  -0.398165178334  0.145058979085  0.281363029569  -0.146107627939  0.0252969650926  -0.613135027989  -0.470224280537  0.300014965576  -0.385195443027  -0.464581818267  0.0598904012017  -0.0386890123486  -0.109847538508  -0.235968628479  -0.240464571107  -0.465953216679  
-0.306818666499  0.194247173384  0.181278001068  0.259069556478  -0.351706230903  0.119203370117  0.289249372801  -0.109031229487  0.0284186473793  -0.470224280537  -0.542932085783  0.383113230981  -0.347318915685  -0.432517738357  0.0384670542162  -0.0240620487364  -0.0580778497233  -0.270981855259  -0.191816318101  -0.42151791571  
0.335826256378  0.590758301755  0.244927332971  0.136021477087  0.328254665561  0.374984224366  0.10768499143  0.268756991106  0.467927275681  0.300014965576  0.383113230981  0.377366025957  0.393228011292  0.437788082089  0.422552443713  0.29937788954  0.312756756881  0.440453872999  0.264760766789  0.334005015356  
-0.255368221776  0.203017396623  0.0612458520741  0.21374201018  -0.449880306063  0.102883612508  0.309525100631  -0.176283527239  -0.114522916105  -0.385195443027  -0.347318915685  0.393228011292  -0.847401441971  -0.435680259515  -0.0191128890579  -0.0467277938123  -0.101272198642  -0.357031392412  -0.220603207051  -0.33210535164  
-0.237514929617  0.240439401933  0.0866746507167  0.240264913989  -0.433927883679  0.141986550342  0.364346198208  -0.172932369933  -0.0769836888784  -0.464581818267  -0.432517738357  0.437788082089  -0.435680259515  -0.582186039568  -0.0369890693655  -0.0883603621159  -0.100033494026  -0.406656288808  -0.312959113733  -0.397788730068  
0.0494607995824  0.17276277721  0.142954024338  0.208456811224  -0.139685161594  0.163601613642  0.336078341401  -0.0547265433578  0.034412865707  0.0598904012017  0.0384670542162  0.422552443713  -0.0191128890579  -0.0369890693655  -0.0959772332832  0.0755864262926  0.0608406860783  -0.159194223836  -0.0973258903458  -0.000905616133209  
0.00132548764916  0.170188853907  0.0301467967917  0.162304625618  -0.211225515465  0.107757919189  0.297345083049  -0.0632228244472  0.00775328741955  -0.0386890123486  -0.0240620487364  0.29937788954  -0.0467277938123  -0.0883603621159  0.0755864262926  -0.0943975602222  -0.0324395115392  -0.0820193129554  -0.0765160221841  -0.0388709454  
-0.0478229131508  0.202071503989  0.0398955358001  0.157719158289  -0.180214023237  0.122377945779  0.296310679402  -0.0910042171912  0.0213227842777  -0.109847538508  -0.0580778497233  0.312756756881  -0.101272198642  -0.100033494026  0.0608406860783  -0.0324395115392  -0.123549778009  -0.0811292228367  -0.0575746603935  -0.137894165646  
-0.152065187577  0.126250212887  0.0267299023349  0.14689060911  -0.447026401722  0.0640914948513  0.298202489513  -0.20370114682  -0.190145557603  -0.235968628479  -0.270981855259  0.440453872999  -0.357031392412  -0.406656288808  -0.159194223836  -0.0820193129554  -0.0811292228367  -0.59761479675  -0.279671941123  -0.235502157115  
-0.0930740288486  0.135978303144  -0.00765062483025  0.0862120652988  -0.277416361461  0.108299635424  0.241345472198  -0.136107035725  -0.0847838910162  -0.240464571107  -0.191816318101  0.264760766789  -0.220603207051  -0.312959113733  -0.0973258903458  -0.0765160221841  -0.0575746603935  -0.279671941123  -0.265739598861  -0.186702907764  
-0.31452990847  0.201654597566  0.13538055937  0.198474286848  -0.392942635136  0.157081264938  0.271069189662  -0.204181617679  0.00570971151154  -0.465953216679  -0.42151791571  0.334005015356  -0.33210535164  -0.397788730068  -0.000905616133209  -0.0388709454  -0.137894165646  -0.235502157115  -0.186702907764  -0.521570949485  
